13002136112
13002136112
12614723089
12614723089
12633454199
12633454199
12511020381
12511020381
12652846065
12652846065
12623639598
12623639598
12482901455
12482901455
12403242452
12403242452
12438956505
12438956505
12496055018
12496055018
12417354704
12417354704
12384050366
12384050366
12398284638
12398284638
12434496918
12434496918
12418618547
12418618547
12496796597
12496796597
12767687566
12767687566
12598734573
12598734573
12258269750
12258269750
12429435410
12429435410
AVERAGE ON TESTS = 12523135197